Arizona Cardinals
Atlanta Falcons
Baltimore Ravens
Buffalo Bills
Carolina Panthers
Chicago Bears
Cincinnati Bengals
Cleveland Browns
Dallas Cowboys
Denver Broncos
Detroit Lions
Green Bay Packers
Houston Texans
Indianapolis Colts
Jacksonville Jaguars
Kansas City Chiefs
Las Vegas Raiders
Los Angeles Chargers
Los Angeles Rams
Miami Dolphins
Minnesota Vikings
New England Patriots
New Orleans Saints
New York Giants
New York Jets
Philadelphia Eagles
Pittsburgh Steelers
San Francisco 49ers
Seattle Seahawks
Tampa Bay Buccaneers
Tennessee Titans
Washington Football Team
3 - 0
103
65
82.9
78.7
82.2
76.3
80.5
70.7
57.2
71.1
42.3
39.4
83.1
76.2
71.4
1 - 2
48
94
64.0
63.8
58.5
54.9
68.0
66.5
59.8
60.3
62.2
62.3
63.6
54.1
63.7
2 - 1
82
85
75.3
77.2
74.3
49.1
72.2
76.9
76.7
59.6
64.1
40.8
67.9
48.4
70.5
2 - 1
94
44
75.2
66.8
70.3
45.4
67.2
72.8
59.1
75.5
63.5
50.8
74.5
75.2
83.0
3 - 0
69
30
80.5
73.3
80.1
47.0
74.1
64.8
63.0
80.1
75.6
58.9
80.8
76.4
65.0
1 - 2
40
77
57.0
59.8
57.7
63.8
60.9
73.6
46.3
53.0
49.5
50.3
68.1
50.0
64.7
2 - 1
68
54
78.6
72.6
77.0
47.4
71.7
80.7
57.2
71.5
75.0
58.2
67.0
68.0
85.3
2 - 1
86
60
87.9
84.6
79.0
73.8
76.8
82.4
76.1
73.1
78.4
64.3
72.1
66.0
71.1
2 - 1
90
69
83.9
84.8
79.3
65.1
78.6
74.7
85.4
68.0
57.5
51.0
66.6
71.5
68.7
3 - 0
76
26
85.5
80.3
82.1
72.1
80.6
71.4
63.8
76.8
74.2
65.8
66.9
79.5
57.8
0 - 3
67
95
61.9
68.0
68.0
49.6
67.1
67.1
69.4
49.0
52.7
60.1
75.6
33.0
63.1
2 - 1
68
83
74.5
73.2
72.6
70.5
72.4
65.6
61.7
65.2
65.0
74.8
67.8
61.8
63.5
1 - 2
67
76
59.8
63.0
59.1
63.8
71.5
57.6
52.1
57.6
50.0
48.4
72.8
54.0
63.3
0 - 3
56
80
64.4
63.8
63.6
41.6
65.5
70.5
58.3
59.9
71.8
35.0
64.7
40.8
71.5
0 - 3
53
91
53.3
56.0
45.5
57.0
55.8
85.1
56.2
54.0
60.9
44.5
59.2
46.6
71.6
1 - 2
92
95
68.4
77.0
73.1
60.9
77.9
67.5
70.5
47.1
30.8
55.2
62.5
55.0
81.6
3 - 0
90
72
82.0
72.3
86.4
54.6
80.0
72.7
34.2
79.2
63.2
44.9
87.2
75.5
74.1
2 - 1
67
60
71.1
78.2
83.9
49.8
77.8
66.0
74.4
54.9
39.5
59.8
75.0
55.9
67.4
3 - 0
95
62
88.3
83.8
82.4
75.4
77.0
72.5
71.8
77.2
79.1
77.0
78.9
66.7
63.5
1 - 2
45
82
69.6
63.3
70.2
38.4
62.4
74.0
62.0
73.6
72.6
56.5
74.3
68.8
67.9
1 - 2
87
78
73.7
75.1
86.9
59.5
75.8
67.6
60.7
59.0
53.7
37.9
66.8
55.8
87.4
1 - 2
54
51
70.2
70.4
70.3
59.7
67.6
79.5
58.4
62.7
48.4
48.9
72.5
67.6
65.7
2 - 1
73
42
78.8
68.8
52.7
54.0
67.1
83.0
65.1
72.1
80.8
65.6
62.0
70.4
92.9
0 - 3
56
74
72.7
70.5
84.1
50.9
68.1
60.6
63.6
65.3
59.2
68.8
69.2
64.4
67.9
0 - 3
20
70
54.5
57.9
53.4
52.7
58.0
67.3
64.5
51.9
51.6
56.7
66.1
49.3
66.1
1 - 2
64
64
72.6
76.6
75.7
68.3
71.5
77.1
70.9
56.6
48.3
70.1
73.5
60.5
77.9
1 - 2
50
66
63.7
59.1
54.8
68.0
61.7
60.3
55.3
66.7
76.4
53.8
82.1
45.1
72.1
2 - 1
86
74
75.5
73.8
59.4
67.9
71.1
65.8
78.3
65.1
59.9
62.7
71.4
61.3
86.1
1 - 2
75
79
71.8
74.2
80.1
53.9
77.8
72.8
53.5
64.8
71.4
65.2
73.4
51.7
60.8
2 - 1
103
88
81.4
82.4
91.5
71.7
75.7
69.7
69.1
64.2
60.8
59.2
66.0
64.7
76.8
2 - 1
71
84
69.5
70.7
83.0
56.1
63.9
81.1
57.5
60.7
56.8
59.3
64.9
57.2
79.4
1 - 2
67
92
65.1
64.4
55.7
74.5
64.9
60.4
61.5
63.6
64.9
79.9
81.9
45.7
58.7